keyword,count
GRU,2
GPS Jamming,1
INS,1
JTIDS,1
Relative Navigation,1
TOA,1
Tight oil,1
LSTM,1
Clustering analysis,1
Type curve,1
